0000000000000000000000000000000000000000000000000000000000000000000000000000000000000000000000000000	
0000000000000000000000000000000000000000000000000000000000000000000000000000000000000000000000000000	
0000000000000000000000000000000000000000000000000000000000000000000000000000000000000000000000000000	
0000000000000000000000000000000000000000000000000000000000000000000000000000000000000000000000000000	
0000000000000000000000000000000000000000000000000000000000000000000000000000000000000000000000000000	
0000000000000000000000000000000000000000000000000000000000000000000000000000000000000000000000000000	
0000000000000000000000000000000000000000000000000000000000000000000000000000000000000000000000000000	
0000000000000000000000000000000000000000000000000000000000000000000000000000000000000000000000000000	
0000000000000000000000000000000000000000000000000000000000000000000000000000000000000000000000000000	
0000000000000000000000000000000000000000000000000000000000000000000000000000000000000000000000000000	
0000000000000000000000000000000000000000000000000000000000000000000000000000000000000000000000000000	
0000000000000000000000000000000000000000000000000000000000000000000000000000000000000000000000000000	
0000000000000000000000000000000000000000000000000000000000000000000000000000000000000000000000000000	
0000000000000000000000000000000000000000000000000000000000000000000000000000000000000000000000000000	
0000000000000000000000000000000000000000000000000000000000000000000000000000000000000000000000000000	
0000000000000000000000000000000000000000000000000000000000000000000000000000000000000000000000000000	
0000000000000000000000000000000000000000000000000000000000000000000000000000000000000000000000000000	
0000000000000000000000000000000000000000000000000000000000000000000000000000000000000000000000000000	
0000000000000000011100000000000000000000000000000000000000000000000000000000000000000000000000000000	
0000000000000000111110000000000000000000000000000000000000000000000000000000000000000000000000000000	
0000000000000000111111000000000000000000000000000000000000000000000000000000000000000000000000000000	
0000000000000000110001110100000000000000000000000000000000000000000000000000000000000000000000000000	
0000000000000000000000111110000000000000000000000000000000000000000000000000000000000000000000000000	
0000000000000000000000111100000000000000000000000000000000000000000000000000000000000000000000000000	
0000000000000000000000000000000000000000000000000000000000000000000000000000000000000000000000000000	
0000000000000000000000000000000000000000000000000000000000000000000000000000000000000000000000000000	
0000000000000000000000000000000000000000000000000000000000000000000000000000000000000000000000000000	
0000000000000000000000000000000000000000000000000000000000000000000000000000000000000000000000000000	
0000000000000000000000000000000000000000000000000000000000000000000000000000000000000000000000000000	
0000000000000000000000000000000000000000000000000000000000000000000000000000000000000000000000000000	
0000000000000000000000000000000000000000000000000000000000000000000000000000000000000000000000000000	
0000000000000000000000000000000000000000000000000000000000000000000000000000000000000000000000000000	
0000000000000000000000000000011000000000000000000000000000000000000000000000000000000000000000000000	
0000000000000000000000000000011000000000000000000000010110100000000000000000000000000000000000000000	
0000000000000000000000000000001100000000000000000001111111110000000000000000000000000000000000000000	
0000000000000000000000000000001170000000011000000001100000110000000000000000000000000000000000000000	
0000000000000000000000000000000100000001111000111101000000010000000000000000000000000000000000000000	
0000000000000000000000000000000110000001111111110000000000011000000000000000000000000000000000000000	
0000000000000000000000000000000110000011100100000000000000011000000000000000000000000000000000000000	
0000000000000000000000000000000011000000000000000000000000001000000000000000000000000000000000000000	
0000000000000000000000000000000111000000000000000000000000001000000000000000000000000000000000000000	
0000000000000000000000000000000111000000000000000000000000001100000000000000000000000000000000000000	
0000000000000000000000000000000110000000000000000000000000001100000000000000000000000000000000000000	
0000000000000000000000000000000110000000000000000000000000001100000000000000000000000000000000000000	
0000000000000000000000000000000010000000000000000000000000000110000000000000000000000000000000000000	
0000000000000000000000000000000010010000000000000000000000000110000000000000000000000000000000000000	
0000000000000000000000000000000000110000000000000000000000000110000000000000000000000000000000000000	
0000000000000000000000000000000000010000000000000000000000000111000000000000000000000000000000000000	
0000000000000000000000000000000000011000000000000000000000000111000000000000000000000000000000000000	
0000000000000000000000000000000000011000000000000000000000000111000000000000000000000000000000000000	
0000000000000000000000000000000000001000000000000090000000000010000000000000000000000000000000000000	
0000000000000000000000000000000001111100000000000000000000000001000000000000000000000000000000000000	
0000000000000000000000000000000000101000000000000000000000000001100000000000000000000000000000000000	
0000000000000000000000000000000000100000000000000000000000000001100000000000000000000000000000000000	
0000000000000000000000000000000000100000000000000000000000000000110000000000000000000000000000000000	
0000000000000000000000000000000000110000000000000000000000000000110000000000000000000000000000000000	
0000000000000000000000000000000000110000000000000000000000000000010000000000000000000000000000000000	
0000000000000000000000000000000000110000000000000000000000000000011000000000000000000000000000000000	
0000000000000000000000000000000000010000000000000000000000000000011000000000000000000000000000000000	
0000000000000000000000000000000000010000000000000000000000000000001000000000000000000000000000000000	
0000000000000000000000000000000000011000000000000000000000000000011000000000000000000000000000000000	
0000000000000000000000000000000000011000000000000000000000000000011000000000000000000000000000000000	
0000000000000000000000000000000000001000000000000000000000000000001100000000000000000000000000000000	
0000000000000000000000000000000000001000000000000000000000000001111100000000000000000000000000000000	
0000000000000000000000000000000000001100000000000100000000000111110000000000000000000000000000000000	
0000000000000000000000000000000000001100000000001111110000111110000000000000000000000000000000000000	
0000000000000000000000000000000000001100001111111001111111110000000000000000000000000000000000000000	
0000000000000000000000000000000000000111111111111100111110000000000000000000000000000000000000000000	
0000000000000000000000000000000000000111110011111100011000000000000000000000000000000000000000000000	
0000000000000000000000000000000000000111000111100000000000000000000000000000000000000000000000000000	
0000000000000000000000000000000000000111111100000000000000000000000000000000000000000000000000000000	
0000000000000000000000000000000000000001100000000000000000000000000000000000000000000000000000000000	
0000000000000000000000000000000000000000100000000000000000000000000000000000000000000000000000000000	
0000000000000000000000000000000000000000000000000000000000000000000000000000000000000000000000000000	
0000000000000000000000000000000000000000000000000000000000000000000000000000000000000000000000000000	
0000000000000000000000000000000000000000000000000000000000000000000000000000000000000000000000000000	
0000000000000000000000000000000000000000000000000000000000000000000000000000000000000000000000000000	
0000000000000000000000000000000000000000000000000000000000000000000000000000000000000000000000000000	
0000000000000000000000000000000000000000000000000000000000000000000000000000000000000000000000000000	
0000000000000000000000000000000000000000000000000000000000000000000000000000000000000000000000000000	
0000000000000000000000000000000000000000000000000000000000000000000000000000000000000000000000000000	
0000000000000000000000000000000000000000000000000000000000000000000000000000000000000000000000000000	
0000000000000000000000000000000000000000000000000000000000000000000000000000000000000000000000000000	
0000000000000000000000000000000000000000000000000000000000000000000000000000000000000000000000000000	
0000000000000000000000000000000000000000000000000000000000000000000000000000000000000000000000000000	
0000000000000000000000000000000000000000000000000000000000000000000000000000000000000000000000000000	
0000000000000000000000000000000000000000000000000000000000000000000000000000000000000000000000000000	
0000000000000000000000000000000000000000000000000000000000000000000000000000000000000000000000000000	
0000000000000000000000000000000000000000000000000000000000000000000000000000000000000000000000000000	
0000000000000000000000000000000000000000000000000000000000000000000000000000000000000000000000000000	
0000000000000000000000000000000000000000000000000000000000000000000000000000000000000000000000000000	
0000000000000000000000000000000000000000000000000000000000000000000000000000000000000000000000000000	
0000000000000000000000000000000000000000000000000000000000000000000000000000000000000000000000000000	
0000000000000000000000000000000000000000000000000000000000000000000000000000000000000000000000000000	
0000000000000000000000000000000000000000000000000000000000000000000000000000000000000000000000000000	
0000000000000000000000000000000000000000000000000000000000000000000000000000000000000000000000000000	
0000000000000000000000000000000000000000000000000000000000000000000000000000000000000000000000000000	
0000000000000000000000000000000000000000000000000000000000000000000000000000000000000000000000000000	
0000000000000000000000000000000000000000000000000000000000000000000000000000000000000000000000000000	
0000000000000000000000000000000000000000000000000000000000000000000000000000000000000000000000000000
